0101 3
0201 3
0301 3
0401 4
0501 4
0601 3
0701 3
0801 3
0901 3
1001 2
1101 4
1201 3
1301 2
1401 3
1501 4
1601 4
1701 3
1801 3
1901 3
2001 2
2101 2
2201 4
2301 3
2401 3
2501 3
2601 3
2701 0 - sick
2801 0 - sick
2901 1
3001 2
3101 3
0102 2
0202 2
0302 3
0402 4 - last exam
0502 2
0602 3
0702 2
0802 2
0902 2
1002 2
1102 2
1202 2
1302 2
1402 2
1502 2
1602 3
1702 3
1802 2
1902 3
2002 3
2102 2
2202 2
2302 1
2402 2
2502 3
2602 2
2702 3
2802 2
0103 2
0203 2
0303 2
0403 2
0503 3
0603 3
0703 3
0803 3
0903 2
1003 2
1103 3
1203 2
1303 2
1403 3
1503 2
1603 2
1703 2
1803 2
1903 3
2003 2
2103 2
2203 3
2303 3
2403 2
2503 3
2603 3
2703 3
2803 2
2903 3